57.65,38.84
10
58.99,39.76
59,39.5
59.86,39.04
59.69,38.49
59.21,39.26
58.92,39.23
58.67,39.41
58.82,40.13
58.98,40.68
1
59.37,40.11
59.84,40.27
59.5,40.96
59.74,41.12
59.96,40.63
59.29,42.12
60.41,41.3
60.33,42.69
2
59.62,39.71
59.8,40.08
60.33,39.31
60.26,40.11
60.59,39.83
60.26,39.75
60.85,38.81
3
60.5,38.07
60.13,37.67
59.56,37.43
60.15,37.33
60.67,36.78
59.61,36.56
60.34,35.69
3
59.24,38.83
59.13,38.99
58.75,38.85
58.56,38.74
59.31,38.44
59,38.46
58.77,38.42
58.45,38.32
58,38.24
58.04,36.71
58.99,38.01
58.21,38
59.3,37.7
58.97,37.53
58.37,37.8
57.9,37.48
59.12,36.59
58.6,37.13
58.43,36.76
1
58.37,39.07
58.23,39.4
58.22,39.57
58.2,39.83
58.2,38.51
57.93,38.62
57.91,38.97
57.93,39.45
57.86,39.83
1
57.55,38.4
57.47,39.04
57.41,39.35
2
58.58,41.81
58.35,42.3
58.51,42.93
2
58.39,40.03
58.47,40.22
58.56,40.4
58.65,40.59
58.48,41.27
57.65,40.16
57.96,40.49
58.19,40.92
57.4,40.25
1
56.64,40.72
56.81,41.1
57.18,41.57
56.92,41.77
55.93,41.15
56.34,41.6
56,41.69
56.56,42.11
56.72,42.66
1
57.68,41.99
57.33,42.21
57.98,41.9
1
57.19,40.53
1
56.51,37
56.8,36.3
55.75,35.91
1
61.25,40.35
5
62.06,39.76
3
63.67,44.1
63.5,43.55
2
64.08,43.62
5
62.19,42.67
3
62.74,43.27
5
61.33,42.29
1
61.18,43.24
60.94,43.91
1
62.04,45.11
4
59.2,35.2
3
59.69,35.17
5
57.57,36.39
3
58,35.75
5
56.76,38.65
56.9,38.04
56.72,39.34
56.27,39.5
56,38.38
55.86,38.97
55.17,37.49
55.11,38.52
54.87,38.91
1
55.8,40.01
19
53.54,46.9
53.27,47.4
52.48,46.73
53.16,46.73
53.14,46.42
53.4,46.06
54.25,46.44
55.37,45.63
2
53.67,47.19
54.51,47.09
53.7,47.5
7
52.61,44.65
9
53.59,44.6
1
54.3,45.75
55.13,44.81
6
54.56,47.88
54.34,48.48
8
55.75,49.24
9
56.37,48.57
55.72,48.04
56.33,49.09
56.31,49.44
55.99,49.17
55.96,48.86
56.18,49.66
23
58.23,37.89
7
59.35,46.07
1
58.76,46.92
58.98,47.34
59.4,47.53
59.29,47.87
58.88,48.07
60.02,47.92
59.64,48.44
59.47,48.81
59.67,47.17
1
58.41,47.09
58.07,47.09
58.73,47.44
58.55,47.99
58.71,48.53
58.88,48.91
58.44,48.98
59.05,49.29
58.88,49.66
1
60.81,49.35
60.45,48.77
59.84,49.22
59.76,49.6
60.18,49.97
60.14,50.67
59.74,50.79
59.42,49.69
59.78,50.09
1
58.43,49.9
58.94,50.28
57.82,50.35
48.13,73.32
4
57.48,51.09
1
58.15,48.11
57.92,47.86
57.63,47.82
57.72,48
57.89,48.38
57.78,48.63
57.5,48.41
57.56,49.7
57.82,47.18
1
57.69,46.11
57.86,46.49
58.27,46.19
58.63,46.59
16
56.33,44.27
56.88,43.2
56.08,43.62
7
54.97,40.95
1
55.53,43.03
54.81,43.72
1
54.32,42.08
1
57.49,44.42
56.96,45.14
1
55.55,46.83
55.25,46.88
55.05,46.94
55.46,46.56
55.48,46.3
54.95,46.27
4
56.19,46.7
56.02,45.77
8
54.14,37.58
54.27,37.81
53.91,37.42
54.05,36.65
1
53.13,37.32
53.9,38.05
53.17,36.63
2
54.51,35.32
55.6,36.85
54,35.69
1
54.85,34.56
55.23,35.45
55.59,35.19
55.95,36.58
2
63.65,41.1
64.19,41.48
63.96,41.54
64.41,41.38
63.6,41.97
64.25,42.5
63.13,41.65
63.48,40.55
2
62.93,40.35
62.37,41.2
1
61.29,41.32
84.26,55.97
63.27,39.21
1
65.04,37.87
2
64.78,40.11
65.56,40.21
66.93,40.2
65.64,38.81
6
64.78,41.78
64.77,42.71
66,43.03
65.84,42
66.95,41.53
67.27,42.63
65.35,42.03
3
63.74,42.87
62.7,42.3
65.57,38.19
65.91,37.91
66.23,38.2
65.62,36.92
65.37,37.5
65.37,36.67
65.35,36.36
11
61.34,37.87
61.74,37.75
61.77,38.08
61.26,38.34
60.88,38.29
61.51,37.5
61.33,37.13
62.09,37.57
62.57,37.72
1
61.71,39.01
9
63.51,36.7
3
64.25,36.57
5
63.35,37.82
2
64.14,37.57
1
64.75,36.51
4
62.22,37.01
2
62.92,36.8
1
63.87,38.37
4
61.87,36.23
9
63.54,36.18
63.94,35.88
3
62.5,35.43
63.22,35.66
33
70.96,49.69
71.66,49.51
3
69.8,47.84
69.48,46.73
68.81,46.37
68.94,47.45
1
70.93,48.7
71.1,50.06
70.87,48.07
70.99,47.64
1
70.64,46.89
70.21,46.03
1
72.14,48.16
1
68.71,44.01
68.66,43.12
68.89,44.21
69.02,43.79
69.36,43.79
1
68.75,44.9
69.11,44.64
2
67.42,41.86
1
67.93,41.48
68.01,42.59
1
67.3,39.4
4
69.09,40.71
69.28,40.99
69.55,40.63
1
68.31,39.48
68.07,39.03
68.97,42.06
68.36,40.83
3
69.65,41.65
1
71.24,43.42
71.31,42.36
1
72.17,42.74
72.71,42.68
2
72.17,41.84
71.82,41.99
71.68,42.26
7
73.11,45.08
48.49,35.81
1
73.06,44.28
1
72.41,43.57
1
71.85,44.83
71.51,44.21
1
71.17,46.34
70.89,45.19
71.2,45.93
70.65,45.2
69.97,43.76
70.3,44.28
70.51,42.61
70.53,43.94
69.82,43.98
1
71.25,44.93
71.66,45.56
71.85,46.34
1
69.51,44.52
69.54,45.67
68.76,45.57
3
69.95,38.65
69.29,38.3
69.52,37.63
70.4,37.92
68.94,37.55
5
69.44,39.27
1
69.89,39.7
1
70.59,41.21
71.11,40.66
1
71.8,40.66
72.69,41.07
1
70.12,37.35
70.54,36.87
70.93,36.92
71.34,36.62
6
73.01,40.1
73.41,39.25
72.25,39.65
71.58,39.3
72.7,38.65
72.9,37.74
1
71.98,37.5
2
74.34,37.44
73.58,36.99
1
72.91,35.93
1
72.7,36.79
72.16,36.02
1
71.71,35.34
1
74.82,35.73
73.92,35.1
74.12,34.23
72.93,34.44
73.43,33.41
75.81,35.67
75.83,37.21
1
76.44,34.87
1
76.66,38.09
2
77.87,37.53
1
75.98,38.72
74.32,39.47
74.03,38.67
73.43,37.77
1
76.14,43.53
1
76.14,44.38
77.05,41.51
74.3,41.51
1
78.61,41.72
78,40.3
79.4,43.34
1
80.29,36.41
80.42,35.8
79.47,35.15
79.14,35.91
79.6,36.41
79.1,36.62
78.39,35.11
77.88,35.49
80.19,35.12
1
83.83,36.5
83.3,38.27
84.55,37.64
85.07,38.98
86.71,37.75
85.04,35.93
82.88,35.84
5
27.86,44.13
7
68.41,35.68
67.66,35.81
68.05,35.86
68.03,35.46
68.33,35.32
68.5,34.86
69.06,35.28
3
68.28,36.11
69,36.5
68.63,36.11
68.89,35.83
69.38,35.72
69.36,36.07
69.8,36.08
1
68.46,36.39
1
70.16,35.9
70.4,35.97
1
69.58,36.58
6
67.66,37.66
68.42,38.1
66.63,38.3
66.8,37.28
1
66.16,36.41
67.72,36.61
3
67.1,34.88
67.46,34.12
8
69.43,34.01
70.15,35.15
2
69.52,32.59
5
71.02,33.5
1
71.9,33.69
9
83.8,59.9
6
69.52,58.02
9
68.06,35.27
65.76,33.03
65.13,33.83
3
65.87,34.62
4
64.67,35.18
2
50.29,51.9
2
76.78,92.74
54.79,89.11
54.26,47.96
1
65.83,35.32
1
46.62,51.4
7
68.24,32.54
1
46.54,59.89
68.26,33.86
67.13,33.02
4
33.4,33.77
62.96,33.26
62.98,33
63.14,32.8
63.37,33.05
63.45,33.41
63.33,33.74
63.14,33.55
62.78,33.9
63.27,32.21
1
62.92,31.47
1
40.73,28.3
48.18,43.29
2
45.84,22.7
2
56.44,38.64
64.04,33.63
64.11,33.84
64.44,34.01
64.09,33.27
63.74,33.36
63.51,33.94
63.64,34.26
64.47,33.49
64.25,32.15
1
61.98,32.49
62.15,32.03
61.97,31.83
61.81,31.2
62.41,31.84
62.16,31.03
4
61.52,33.83
3
61.77,32.81
5
61.34,33.46
61.02,33.53
2
45.09,28.62
1
34.16,67.9
1
16.12,68.9
56.27,48.63
10
59.34,32.75
58.86,32.46
59.4,32.4
59.02,32.18
59.28,31.99
3
59.29,32.86
1
59.66,32.95
60.05,33.08
59.83,32.58
60.24,32.78
60.43,33.13
60.77,33.21
4
59.78,33.44
59.16,33.24
59,33.52
58.44,32.93
58.76,33.36
58.05,33.06
58.42,33.45
3
59.44,30.7
58.96,30.56
8
59.49,31.67
9
60.37,31.68
1
60.55,33.71
60.4,34.65
59.5,34.15
5
61.33,31.97
10
60.8,32.69
18
58.29,32.22
58.27,32.56
57.84,32.38
57.52,31.95
57.87,31.86
58.55,31.95
4
58.61,31.65
2
57.47,31.16
1
58.11,30.03
4
57.14,31.73
9
57.3,34.27
56.12,34.48
56.65,33.59
56.6,32.8
56.17,33.44
56.91,32.4
4
58.24,33.95
57.66,33.01
58.47,35.16
55.97,31.77
6
55.09,31.92
55.82,32.7
54.63,33.25
54.23,33.74
53.93,33.43
53.53,32.9
53.54,31.74
53.45,30.73
53.15,30.65
1
54.84,30.66
54.28,30.7
55.1,30.84
1
54.65,31.09
5
53.37,29.38
53.5,29.99
8
56.11,31.39
55.76,31.31
8
56.41,30.3
9
53.75,27.64
54.07,27.22
54.15,27.97
56.6,29.16
6
54.85,29.12
3
53.69,28.99
5
53,27.02
52.75,27.37
52.18,27.07
52.47,26.88
52.63,26.44
5
52.58,27.82
3
51.86,27.4
5
50.78,27.01
50.75,26.3
49.95,25.59
49.42,25.35
49.36,25.73
5
49.76,27.76
49.83,27.46
50.53,28.02
49.8,27.07
6
48.92,26.24
48.64,26.12
48.98,26.65
48.62,26.38
48.52,26.54
48.8,28.39
47.54,25.33
3
47.98,25.71
48.51,25.72
48.28,25.48
48,25.19
47.61,25.24
5
47.43,24.96
47.25,24.77
47.02,24.53
46.79,24.29
46.66,23.97
46.26,24.27
46.49,24.49
46.77,24.76
46.65,25.13
1
46.11,23.23
46.05,23.52
2
45.75,22.85
15
51.12,28.82
51.31,28.93
50.81,29.13
50.92,29.57
51.28,29.35
51.47,28.91
51.82,29.37
51.97,29.18
2
50.81,28.58
50.47,29.04
50.11,28.66
50.65,28.42
6
50.93,27.72
51.15,28.13
51.48,28.47
51.57,28.69
6
52.02,28.4
51.84,28.15
52.28,28.47
7
50.73,29.97
51.26,29.78
51.59,30.04
1
51.55,31.27
5
52.68,29.33
52.36,30.13
8
52.79,32.6
2
52.05,30.52
52.4,31.24
52.97,32.24
53.19,32.82
3
49.67,29.05
50.42,29.88
4
23.58,39.77
3
48.84,31.42
2
49.99,31.52
1
50.26,31.85
4
50.84,33.18
50.73,33.58
50.59,34.06
50.21,33.02
50,33.34
50.22,33.67
49.51,34.36
49.67,33.09
49.09,33.02
1
48.46,35.79
3
48.16,37.49
5
50.81,36.31
9
51.39,37.74
51.66,38.48
2
51.98,36.5
5
52.54,35.77
3
50.24,35.14
5
53.53,33.65
9
51.62,34.79
3
52.57,33.62
5
49.17,35.1
9
51.54,32.65
9
47.9,26.17
47.68,26.83
47.58,26.4
1
47.41,25.47
47.05,25.85
46.77,25.53
46.5,26.05
12
48.24,24.36
48.06,24
48.27,23.85
48.45,24.13
47.95,24.33
47.77,24.95
48.45,23.34
48.28,23.6
2
47.66,24.38
47.55,24.63
47.44,24.34
47.27,24.26
47.58,23.95
47.87,24.07
4
47.19,23.99
47.01,23.71
47.16,23.63
7
46.93,23.36
46.75,23.09
46.86,22.84
46.85,22.54
47.24,23.05
47.45,23.14
47.63,23.01
46.48,23.61
2
47.52,22.19
47.31,22.51
47.06,21.71
47.88,21.84
47.76,22.26
5
48.22,23.36
48.09,23.41
47.92,23.04
47.83,22.78
48.12,22.81
48.33,22.66
4
47.87,23.53
47.69,23.7
47.7,23.45
47.69,23.3
6
48.72,23.07
48.78,23.23
48.6,22.73
49.09,23.37
48.8,23.87
49.36,23.38
49.44,23.73
3
48.67,25.53
48.68,25.19
48.5,24.99
49.07,25.4
48.41,24.71
48.77,24.38
49.36,24.28
13
45.81,25.42
46.04,25.57
45.78,25.11
45.7,24.76
1
45.98,25.95
5
44.67,24.95
44.79,25.52
45.04,25.33
44.89,24.89
44.44,25.6
45.37,25.47
45.51,25.91
44.8,26.16
1
46.9,26.52
47.1,26.23
2
45.35,24.6
44.45,24.34
4
46.38,27.45
45.68,27.8
45.45,27.64
1
45.48,26.33
5
45.94,28.43
45.27,28.27
8
45.02,29.08
44.8,28.94
2
45.63,30.13
5
45.04,21.4
45.27,21.73
45.39,21.31
1
45.61,22.01
43.76,21.65
1
44.41,22.58
2
46.27,20.73
2
46.51,20.41
46.23,21.78
5
45.3,20.38
45.35,20.12
45.15,20.71
45.61,20.29
16
47.62,28.92
47.17,29
47.31,28.82
1
47.35,28.46
47.42,28.04
47.84,28.44
46.78,29.13
47.02,28.3
1
47.5,30.35
47.35,29.37
47.71,29.67
47.73,29.41
48.11,29.17
47.81,28.86
47.98,29.4
48.16,29.68
47.7,30.09
1
48.15,30.35
3
48.68,29.87
5
46.84,33.35
47.15,32.91
46.64,32.68
7
47.05,31.16
46.82,31.06
8
45.6,31.31
9
48.14,33.38
29
45.9,34.52
45.52,34.48
46.36,34.26
46.48,34.59
46.07,35.06
45.83,34.99
45.7,35.58
45.44,34.94
45.56,33.79
1
47.09,35.03
9
44.37,36.27
3
43.34,34.6
5
44.75,33.8
9
44.86,33.48
9
45.35,36.42
3
44.46,37.57
5
42.98,36.49
3
42.69,37.27
5
43.45,38.44
29
42.23,30.82
42.59,31.21
42.77,31.57
42.94,31.93
43.2,31.75
43,30.91
43.47,31.22
43.75,31.36
42.32,30.28
1
43.95,32.2
44.11,31.9
44.69,31.97
44.47,32.29
6
42.02,31.14
42.38,31.52
42.22,31.89
42.59,32.19
42.34,32.37
42.02,31.95
4
41.52,32.52
3
42.83,32.75
5
41.66,33.9
9
40.39,33.38
39.94,33.63
40.63,32.88
40.68,33.39
2
41.23,34
1
42.01,36.54
1
41.16,32.58
2
42.62,37.72
42.99,38.86
1
42.97,40.1
43.07,39.66
40.18,34.6
1
40.62,36.56
1
40.39,37.71
41.18,37.47
41.44,39.03
1
41.77,39.5
3
40.49,31.6
40.83,31.51
41.2,31.9
40.7,32.26
40.28,31.83
40.3,32.29
41.34,31.22
39.96,31.58
39.97,32.22
1
40.04,30.36
39.93,29.8
39.8,29.17
40.23,29.18
39.35,30.86
15
42.34,28.78
42.4,28.49
42.58,28.32
42.41,28.23
42.12,28.29
41.92,28.43
4
42.33,28.05
42.44,27.72
42.14,27.86
41.94,28.02
41.99,27.61
42.16,27.61
42.36,27.46
42.28,27.11
41.84,27.6
1
42.67,28.86
42.69,28.61
42.7,28.35
42.91,29.02
42.88,28.63
43.07,28.65
43.08,28.4
43,28.22
42.77,27.98
1
42.74,27.59
42.94,27.36
43.25,27.13
42.82,26.96
43.65,27.82
44.07,27.19
43.24,26.64
3
43.37,28.52
43.57,28.37
44.1,28.47
43.79,28.85
43.86,29.3
43.51,29.47
2
44.72,31.29
1
42.65,29.29
42.65,29.64
42.09,29.78
42.08,30.44
42.63,30.53
43.02,30.57
43.41,30.45
43.81,30.32
44.02,30
1
42.12,29.27
41.76,28.71
41.4,29.14
41.48,29.49
41.15,29.33
40.73,29.79
41.67,30.41
41.28,30.37
40.9,30.32
1
41.45,28.74
41.25,28.27
41.22,28.78
40.99,28.62
40.73,28.89
40.76,28.3
41.54,27.98
40.66,27.56
41.35,27.22
21
42.31,26.43
42.39,26.78
41.98,26.75
41.82,26.63
41.86,25.84
42.03,26.31
42.16,26.09
42.3,26.02
42.51,26.37
1
42.95,25.94
42.84,25.72
43.25,25.64
43.24,26.03
42.84,26.62
5
42.15,24.83
42.15,24.24
41.81,24.62
41.94,25.32
42.32,25.36
42.72,25.24
43.12,24.94
42.67,24.3
2
42.41,22.91
42.7,22.64
42.31,22.66
42.67,22.34
42.88,22.02
43.13,21.83
43.01,22.33
3
44.85,19.43
3
43,23.08
5
40.1,27.28
40.03,28.51
2
40.54,26.99
5
40.08,26.52
39.74,26.61
3
40.34,26.43
4
41.9,22.25
9
40.17,25.8
39.99,25.44
40.58,25.12
40.5,25.59
41.11,26.25
41.07,25.14
40.77,23.4
43.29,19.6
44.01,16.79
1
39.84,24.74
40.17,24.42
39.49,24.83
39.46,24.53
39.24,25.02
39.07,24.49
39.33,25.7
39.33,24.14
38.98,25.05
1
40.25,22.86
38.85,23.59
1
38.9,22.58
1
39.81,22.3
1
40.39,22.28
2
39.14,19.24
39.82,19.23
39.79,20.21
39.06,19.87
39.19,20.3
1
39.03,21.03
3
41.87,20.3
41.62,20.01
42.07,18.55
41.23,19.56
40.68,17.82
1
40.91,20.7
41.07,21.79
2
36.42,20.51
1
35.82,22.31
34.89,20.34
36.47,19.87
1
36.15,18.63
36.95,17.81
34.74,18.31
1
38.2,16.63
38.69,15.43
38.15,13.65
1
34.05,21.56
33.96,23.35
33.77,25
34.59,23.4
2
38.64,27.25
38.73,26.7
38.93,26.3
38.44,25.06
37.79,24.28
1
37.8,23.3
3
37.95,28.66
1
37.52,28.39
39.01,28.54
6
35.57,27.58
2
36.26,25.73
1
36.95,27.7
4
35.86,30.65
34.95,31.36
36.42,31.71
1
37.31,32.23
1
38.15,31.02
1
37.69,30.54
11
38.59,33.63
38.37,34.12
38.5,34.92
38.21,33.42
38.13,34.95
37.17,32.74
37.64,33.35
37.61,33.86
37.77,34.39
8
37.23,33.64
36.87,35.05
1
38.64,32.79
38.99,33.34
38.4,32.63
38.59,31.8
38.82,31.94
38.29,32.06
4
39.74,33.02
39.6,32.44
39.34,32.61
39.13,32.96
6
39.16,33.87
39.53,34.09
39.09,34.17
39.08,34.42
39.37,34.46
39.28,35.09
4
38.79,36.18
38.85,36.71
39,35.87
39.32,36.21
1
39.8,36.18
4
38.94,37.82
38.88,39.27
39.25,37.95
7
39.86,39.36
19
45.46,43.88
46.72,43.14
46.72,42.31
45.79,43.32
45.6,41.48
5
44.33,40.1
44.94,42.95
44.1,41.5
1
44.97,38.98
1
46.6,41.08
3
45.76,38.73
3
46.88,39.56
5
46.5,44.45
46.1,44.57
45.76,45.31
45.72,44.52
46.12,44.23
46.52,44.11
47.29,44.21
47.06,44.7
46.56,45.07
1
48.5,39.29
48.32,39.1
48.8,38.34
49.05,39.88
49.06,40.45
48.4,40.1
48.2,39.34
48.1,38.68
48.37,38.24
1
49.33,42.57
48.75,42.49
48.35,42.61
48.22,43.2
49.85,42.02
5
47.63,40.01
2
46.94,38.53
46.95,36.99
47.52,37.62
46.11,37.82
3
49.8,39.42
8
48.63,45.38
48.05,45.31
47.56,45.42
1
49.54,44.72
47.94,46.21
2
52.59,41.68
1
51.3,38.82
1
52.95,50.2
49.76,55.98
2
49.88,38.04
6
48.73,41.19
21
48.62,45.56
48.93,45.16
49.01,45.52
49.11,45.36
5
48.44,45.19
47.94,45.55
47.58,45.81
47.82,44.97
48.17,44.78
47.86,44.46
2
48.66,44.78
48.84,44.69
48.43,44.53
49.07,44.49
5
48.65,44.21
49.64,43.82
49.28,43.43
48.68,43.7
47.89,43.94
47.02,43.74
4
49.04,44.92
49.23,45.03
49.35,44.61
49.67,44.22
5
49.49,45.59
49.6,45.34
49.63,44.91
49.81,45.11
49.99,44.56
49.78,45.62
4
49.33,45.87
48.99,45.87
49.36,46.09
7
48.7,45.83
48.31,45.78
48.39,46.05
48.5,46.63
14
50.83,43.46
50.36,44.79
50.61,43.04
49.98,43.82
50.32,43.09
50.11,43.32
50.29,42.69
49.83,43.11
2
50.2,44.24
51.25,44.64
2
51.21,45.34
4
51.19,42.37
3
51.77,44.1
1
51.07,41.14
2
52.44,42.62
53.21,42.72
54.08,42.92
53.43,42.23
5
53.06,38.7
52.49,38.45
53.28,38.21
1
53.42,40.75
53.89,39.41
1
51.94,39.51
2
50.74,38.41
50.76,38.89
46
48.51,48.85
48.63,48.52
48.21,48.16
48.43,47.84
48.96,48.61
49.13,48.24
49,49.57
48.15,49.19
47.8,48.62
1
48.46,50.46
49.7,49.23
8
49.82,47.33
49.88,47.95
50.67,47.71
7
49.08,46.71
49.13,47.5
1
50.61,48.74
49.75,48.54
1
49.96,46.56
51.12,46.72
51.55,46.08
1
53.35,50.08
52.98,49.68
52.56,48.66
4
52.1,48.16
1
53.5,52.3
54.32,51.71
1
54.84,51.17
54.63,49.82
5
52.19,49.92
52.02,49.55
51.65,49.15
52.16,50.44
51.55,50.05
51.34,49.54
1
50.91,50.18
49.83,50.3
1
51.01,57.74
50.08,57.07
50.44,58.23
50.87,59.83
51.5,62.04
52.57,60.61
4
51.94,58.4
2
50.94,55.79
51.71,55.9
5
50.62,54.7
50.44,55.99
17
51,52.52
51.29,51.9
51.64,52.47
51.28,52.73
51.4,53.14
51.02,53.09
50.47,52.48
50.34,51.42
50.93,51.32
1
51.79,53.2
51.96,52.82
52.21,52.73
52.63,52.26
52.37,53.28
52.8,53.38
1
52.39,51.44
52.15,53.6
1
49.87,54.24
49.23,52.05
50.33,53.25
49.8,53.79
50.97,53.78
51.12,54.5
4
58.21,58.57
57.9,58.96
57.63,59.06
57.7,58.27
57.32,58.04
58.42,59.08
57.4,59.06
58.07,59.34
58.46,60.06
1
56.12,58.57
55.27,61
56.46,57.82
7
53.78,54.09
53.19,55.25
53.27,54.46
52.48,54.52
6
51.8,54.51
9
54.09,58.67
54.19,56.79
3
53.78,61.11
1
53.77,63.08
2
57.57,56.44
57.04,56.41
57.61,55.92
58.03,56.2
58.11,55.72
56.28,54.62
59.46,53.66
59.6,57.57
58.45,55.73
1
46.29,56.97
46.27,57.31
45.5,57.2
45.94,56.39
46.69,56.85
46.35,56.1
46.06,57.63
3
43.98,58.12
44.21,56.97
8
45.12,55.66
44.87,55.01
2
48.25,55.09
1
47.97,56.59
3
48.35,53.67
9
46.78,50.84
3
45.08,50.08
1
45.38,51.51
3
47.69,51.83
1
47.22,53.16
2
45.88,52.8
1
45.57,54.68
46.68,55.53
1
44.29,50.32
44.57,52.1
8
47.8,50.1
46.67,49.6
8
47.59,47.29
2
47.14,48.27
45.94,48.8
3
45.1,45.87
1
46.09,46.39
46.88,46.15
46.88,46.89
46.43,47.13
46.58,46.74
1
45.6,48.06
44.65,47.76
45.23,46.19
1
41.08,53.61
41.43,53.35
41.69,53.17
42.04,53.74
41.5,53.98
40.91,53.03
40.53,53.01
3
42.12,52.95
41.57,52.32
40.97,52.2
40.43,51.61
1
41.21,51.54
41.38,52.65
3
43.73,53.02
1
43.62,51.79
44.44,54.17
6
44.01,54.8
42.85,54.64
43.4,55.95
7
42.97,57.36
1
42.88,58.74
7
42.15,57.38
1
41.97,56.26
42.04,55.31
6
39.91,52.14
40.16,52.78
38.7,51.37
39.06,51.76
36
43.83,48.53
43.68,48.78
43.37,48.42
43.19,47.82
43.58,47.7
43.71,47.11
42.94,47.01
3
42.85,50.03
43.57,49.52
2
42.71,50.79
41.94,50.69
41.61,51.25
1
43.38,50.97
1
43.76,46.43
43.32,45.59
1
44.59,45.5
1
43.31,44.41
1
43.97,43.22
2
44.25,44.76
45.13,44.62
44.67,44.12
7
41.38,44.91
41.26,44.45
41.66,44.81
1
42.64,45.59
1
41.03,44.94
3
41.08,45.72
41.83,46.17
41.75,47.54
1
40.17,46.38
40.62,47.04
40.57,47.73
41.1,48.54
2
40.5,44.18
1
40.88,44.23
7
38.92,45.77
2
39.46,46.89
39.02,47.87
39.08,48.48
4
39.34,48.95
39.58,49.76
1
39.14,50.56
39.72,50.64
5
40.96,49.96
2
40.6,49.68
1
41.38,49.32
41.51,49.85
3
39.1,41.59
39.2,40.78
39.31,40.95
39.39,41.08
39.55,41.49
39.52,41.79
39.27,42.12
39.23,42.81
39.61,40.31
1
40.13,43.05
39.82,42.54
39,42.56
38.93,43.55
6
40.78,41.57
1
40.84,40.89
1
41.77,40.64
5
42.37,42.18
1
43.66,41.35
1
43.71,41.09
5
40.52,42.2
1
41.69,42.64
1
42.02,43.63
1
40.25,43.61
3
37.48,37.86
2
38.52,40.76
36.78,40
5
36.59,45.61
2
37.17,44.77
35.67,44.55
35.54,43.65
35.02,43.55
35.47,42.58
36.12,42.92
1
35.55,41.21
1
35.83,39.71
7
37.41,43.81
1
37.68,43.09
37.95,42.94
38.49,42.26
37,41.26
37.12,42.36
37.56,42.44
12
32.34,14.07
32.32,13.35
32.87,14.08
1
31.88,15.7
32.64,15.78
32.58,17.11
33.45,17.12
2
32.92,18.16
3
34,15.75
35.4,14.71
33.87,14.22
35.56,13.3
2
34.12,13.07
35.12,12.33
35.17,11.33
1
35.62,9.7
35.1,10.57
34.5,11.02
34.3,9.07
2
27.02,5.8
27.58,6.35
27.8,5.7
27.43,5.17
26.66,5.27
26.45,5.74
26.62,6.26
26.99,6.62
26.48,7.16
1
27.62,7.6
9
28.41,7.01
28.46,6.01
28.87,5.39
30.01,5.83
1
29.69,4.14
29.08,2.67
3
28.25,1.69
1
28.58,3.04
28.13,4.66
27.8,3.3
5
26.23,4.15
1
27.02,3.56
27.46,2.28
6
24.99,4.91
25.12,5.29
25.58,4.71
25.56,4.01
25.68,4.55
25.87,4.74
26.09,5.21
25.88,5.53
25.7,7.41
11
26.81,16.85
9
23.77,20.03
1
24.82,18.31
24.05,18.23
25.12,17.92
25.46,16.87
25.97,16.34
3
26.32,14.96
1
25.71,15.73
27.64,15.59
6
25.44,13.37
1
24.65,13.62
24.7,12.63
23.92,12.88
23.58,11.85
23.23,11.15
23.93,10.48
2
24.78,10.97
1
25.11,12.01
26.26,12.12
6
25.74,10.9
1
25.59,10.06
24.47,9.29
25.64,8.74
26.78,9.18
1
26.69,11.16
2
27.27,13.14
26.6,13.15
27.67,12.84
27.6,13.46
27.83,13.69
5
28.07,10.47
27.12,12.29
1
27.59,14.67
28.15,12.97
5
27.32,14.23
26.42,13.84
1
29.39,11.1
29.71,12.46
30.34,11.36
4
30.23,9.51
1
29.72,7.96
29.36,9.68
6
20.72,2.5
1
22.23,3.29
22.49,1.5
21.34,1.4
22.33,0.67
21.6,4.39
20.08,4.25
2
23.15,4.2
1
22.27,6.76
1
20.39,5.92
5
21.27,7.82
20.74,6.61
1
19.28,0.4
21.31,0
1
19.42,1.56
18.98,2.83
17.88,1.75
1
21.02,11.19
20.8,11.83
20.86,12.58
1
20.25,12.23
20.41,11.95
20.57,11.68
20.03,11.75
19.66,12.66
1
19.35,12.1
20.38,10.38
20.97,14.41
7
18.25,11
1
19.1,9.1
17.24,12.05
6
19.13,16.71
18.84,17.8
1
18.05,17.35
18.03,17.68
18,16.26
19.04,18.69
20.85,20.89
20.78,18.38
1
18.68,14.18
2
17.38,13.22
16.6,13.47
17.68,14.91
4
20.34,15.51
1
20.16,17.23
20.93,17.15
21.47,15.96
21.31,17.35
21.77,17.65
22.98,16.45
22.65,15.41
21
26.9,23.49
26.9,22.88
27.17,23.33
27.6,24.3
26.53,23.47
25.61,23.66
26.22,23.06
3
26.8,23.92
27.28,24.86
26.8,24.89
26.02,25.14
25.97,24.21
5
24.87,24.6
2
24.17,23.59
24.57,25.89
5
23.54,24.69
3
21.92,26.32
5
29.7,24.71
30.44,24.24
2
31.02,23.11
5
28.05,23.01
2
28.86,23.24
6
31.96,25.64
3
31.67,20.04
5
30.36,21.74
9
28.33,21.19
1
29,19.42
28.26,18.67
29.26,17.94
30.29,16.54
30.56,18.92
29.7,20.84
2
28.27,28
28.54,28.45
28.61,27.11
29.04,28.09
28.8,28.91
28.12,29.08
27.39,28.32
27.06,27.27
26.53,28.06
1
28.86,31.45
2
27.96,32.1
28.26,30.68
5
27.01,30.65
26.95,31.05
1
28.26,26.4
26.53,26.37
27.53,25.64
28.58,24.99
3
30.38,30.02
3
29.25,29.55
5
30.91,30.93
2
29.31,30.32
6
30.25,28.82
2
31.22,27.59
1
29.59,26.72
1
31.55,29.82
32.26,29.87
1
32.61,31.64
32.25,32.15
2
33.28,33.42
33.23,34.43
4
32.57,33.53
32.22,33.55
8
34.47,32.88
33.81,31.82
8
33.08,30
1
32.01,28.52
32.66,27.07
1
33.09,28.05
34.2,27.25
13
30.32,36.37
29.84,35.82
29.84,35.42
30.37,35.53
30.59,35.86
30.63,36.88
30.36,37.48
30.1,36.86
29.8,36.18
2
31.15,35.29
31.63,35.42
31.13,35.79
31.3,36.15
31.08,36.64
31.06,36.98
6
29.51,37.12
29.58,36.67
28.22,35.82
29.57,36.11
29.34,34.98
30.1,34.57
1
31.31,34.2
2
32.37,36.03
33.05,35.86
1
31.52,37.29
1
30.64,39.22
1
28.74,37.03
2
29.55,38.06
27.65,36.37
27.1,36.94
1
28.33,37.49
28.87,38.23
1
27.4,38.64
9
30.6,33.1
29.91,33.44
29.23,33.44
29.8,32.44
29.62,32.51
28.59,32.94
29.74,32.02
29.46,31.9
29.21,32.17
1
25.95,33.55
26.34,33.19
1
25.44,32.85
25.52,30.97
5
27.58,34.11
9
32.51,38.69
32.09,38.7
31.39,39.15
31.91,37.95
32.42,38.28
32.68,38.05
32.8,38.82
33.28,38.62
32.72,40
1
32.67,37.43
9
33.84,37.24
2
35.22,36.9
1
34.72,34.46
33.56,35.5
3
34.55,38.35
9
34.13,38.98
34.56,38.99
1
34.07,40
66
30.6,44.77
30.39,45.08
29.61,44.91
29.53,44.74
29.61,45.32
1
29.1,44.87
29.21,45.44
2
28.83,44.66
28.48,44.83
2
28.85,44.07
28.58,43.94
5
28.91,42.41
2
30.16,41.79
29.6,42.24
29.12,43.72
29.13,44.36
2
29.42,44.4
29.7,43.79
29.96,42.63
29.74,43.11
30.18,42.15
29.75,44.35
30.76,42.22
30.58,43.4
30.44,44.23
1
27.12,43.37
28.03,43.45
28.15,44.66
2
29.88,45.88
2
29.73,46.36
1
30.26,47.29
29.35,47.94
29.98,46.78
2
28.44,46.96
4
31.41,45.81
2
31.57,46.97
1
30.86,48.48
4
27,45.4
2
27.33,46.47
25.43,45.87
1
26.15,46.9
1
26.93,47.71
1
25.83,48.87
2
23.64,46.22
23.01,45.77
22.98,47
4
31.64,40.29
31.95,40.45
31.78,41.16
31.59,40.83
31.35,41.41
32.37,41.33
31.29,40.46
1
32.86,40.87
1
24.42,40.13
1
25.5,38.49
24.23,36.72
6
29.8,40.48
30.33,40.42
1
29.39,39.28
29.7,41.1
28.45,39.96
4
26.48,41.25
1
27.76,42.26
7
33.89,43.75
34.08,44.57
33.69,44.54
33.55,43.95
34.6,44.18
33.43,43.55
4
33.32,46.07
33.65,45.51
1
34.49,45.88
6
34.13,42.23
3
34.21,40.87
5
32.7,43.59
32.6,42.85
2
31.71,43.97
31.59,42.76
34
33.94,50.19
34.31,50.42
34.28,50.93
1
33.84,51.73
33.69,50.86
4
35.09,48.71
34.44,49.48
33.99,49.34
34.35,49.09
6
34.72,50.13
34.66,50.98
34.94,50.71
35.15,50.14
35.27,50.55
35.89,51.32
35.5,49.89
3
35.01,51.55
34.69,51.85
35.12,51.97
34.94,52.74
35.42,51.26
34.4,51.33
35.67,52.06
34.55,52.69
35.43,52.84
1
33.99,47.88
34.33,47.79
34.14,46.95
34.79,47.53
1
35.42,46.52
1
33.46,53.14
2
32.86,50.13
32.07,49.58
32.83,49.35
33.52,49.19
1
32.96,48.38
1
32.41,47.87
2
32.6,51.47
32.22,51.74
2
33.23,52.16
5
29.81,49.88
30.67,49.92
30.59,51.28
7
31.36,51.65
31.49,52.26
31.5,51.75
31.16,52.09
1
31.16,49.9
1
29.65,52.1
2
38.14,49.47
37.94,48.88
2
38.07,45.93
38.44,44.68
38.2,43.71
37.59,45.95
2
37.89,47.37
1
38.31,46.74
37.42,48.68
37.2,47.53
37.23,47.02
36.88,46.46
36.1,46.53
2
36.22,49.21
2
36.29,48.19
36.33,47.5
1
38.48,50.21
37.98,50.57
2
36.96,51.14
1
35.88,50.11
36.93,50.29
37.54,51.38
5
36.86,55.96
36.19,56.68
36.09,55.85
36.3,55.53
37,55.2
37.34,55.94
37.39,56.73
37,56.67
36.61,56.79
1
36.87,57.4
9
36.69,61.32
1
36.16,61.17
35.94,61.92
1
38.81,57.19
38.21,56.59
38.06,57.66
2
37.91,59.15
1
36.78,58.64
35.4,58.96
35.9,60.24
5
35.02,54.48
34.77,53.84
34.6,54.94
35.02,55.96
1
36.04,54.58
1
34.38,57.06
2
35.54,53.95
35.54,53.5
1
38.88,55.54
37.95,55.33
38.08,54.48
38.24,53.84
37.87,52.52
2
32.95,58.3
33.21,58.55
33.18,58.89
32.61,58.81
32.57,59.32
33.35,57.79
1
32.45,59.74
32.29,60.81
1
33.78,60.11
9
28.94,60.26
29.38,60.93
29.97,61.05
29.95,62.48
28.51,60.98
1
30.67,60.34
31.16,61.63
2
35.26,65.28
35.87,64.85
36.21,65.22
34.9,64.88
34.62,66.23
1
35.08,63.77
35.87,62.82
36.02,64.09
1
34.27,66.96
1
34.04,64.83
1
31.48,62.71
32.73,64.12
32.82,65.69
1
32.58,64.87
1
34.18,62.77
1
34.65,61.45
33.57,63.54
32.8,62.61
5
31.8,56.44
31.44,56.05
30.99,57.02
31.82,57.57
30.34,56.67
30.89,55.62
31.57,56.93
1
30.04,58.18
1
33.78,55.69
33.58,55.61
32.56,55.09
2
32.66,56.81
4
31.32,53.36
32.04,54.15
31.51,54.2
7
29.82,54.76
28.96,54.06
8
24.18,52.83
24.29,53.32
23.91,53.26
23.26,52.92
23.59,52.19
24.04,52.47
24.25,52.13
24.53,52.5
24.5,53.01
1
23.36,51.22
24.17,49.89
25.09,51.29
7
21.48,50.62
2
22.54,52.13
22.28,50.05
1
21.56,49.27
23.35,49.3
23.29,48.6
1
22.21,48.17
2
23.53,47.75
6
21.53,46.72
9
21.5,53.65
22.11,54.21
22.14,55.27
21.44,54.2
21.49,54.98
19.65,53.89
4
21.75,52.37
1
20.95,52.94
7
20.47,51.34
3
19.39,50.83
5
22.81,53.88
23.01,54.59
23.2,55.13
7
23.17,57.18
3
20.93,56.18
15
24.76,54.93
25.16,54.81
24.8,55.33
24.4,55.26
24.44,54.75
24.8,54.42
25.12,54.31
3
25.43,54.29
25.56,54.52
25.54,54.86
25.96,54.24
26.07,54.81
26.12,53.72
26.56,53.98
26.31,54.8
26.7,54.69
1
25.49,55.54
26.18,55.38
26.84,55.56
7
25.07,56.17
24.78,55.87
24.29,55.5
23.89,55.06
24.31,55.89
23.84,55.74
24.28,56.08
3
25.18,53.94
24.9,53.83
24.3,53.96
24.17,54.36
23.83,53.72
23.77,54.17
25.41,52.79
24.88,53.06
2
23.9,56.35
24.4,56.72
23.88,56.69
24.05,57.05
24.01,57.56
24.28,57.29
24.62,57.13
3
26.19,56.67
25.8,56.79
25.96,57.16
26.85,56.85
6
27.86,53.22
28.01,52.3
27,53.01
27.56,51.8
27.06,52.16
2
27.29,50.59
27,50.51
1
27.97,54.44
27.1,54.57
1
27.75,55.77
6
26.37,59.8
26.95,59.71
26.48,60.2
25.43,60.78
25.67,60.15
25.56,58.97
26.69,59.24
26.38,58.16
26.6,60.61
1
23.12,60.78
21.78,60.75
2
24.34,59.93
5
23.36,62.88
2
24.51,61.59
22.81,62.4
5
24.83,58.28
3
27.48,59.01
1
27.72,57.87
28.56,57.27
2
28.65,58.84
9
25.72,62.62
26.17,63.47
24.84,63.79
25.78,63.69
1
25.04,62.27
24.03,64.36
22.27,65.09
23.56,65.67
1
27.12,61.73
1
27.11,62.8
28.91,63.54
1
24.68,66.18
1
21.09,65.12
32
28.06,67.4
27.85,68.36
28.28,68.38
28.8,67.86
2
28.52,69.03
27.15,69.34
26.84,68.25
1
26.67,69.35
27.3,67.28
26.43,65.93
26.13,67.44
28.11,66.71
28.97,65.45
29.22,68.7
3
30.69,68.5
1
29.76,69.31
29.76,68.78
30.2,67.2
31.06,68.53
31.48,68.04
3
32.34,67.01
3
33.39,66.96
31.91,67.64
4
31.04,65.28
1
30.1,65.06
30.83,66.43
31.33,64.77
32.06,65.25
4
32.19,69.08
1
32.25,71
30.77,70.07
29.32,71.41
28.05,72.95
4
28.22,70.55
28.76,69.85
28.17,71.23
27.43,70.77
26.75,70.92
26.98,71.74
4
26.9,72.77
26.26,72.41
38
22.4,73.14
21.79,72.91
22.3,73.86
22.93,73.09
21.83,73.69
22.97,73.88
4
22.21,72.46
22.45,72.37
21.97,72.38
22.19,72.06
22.62,72
21.87,71.71
22.76,71.42
23.75,71.06
2
21.44,72.34
21.04,72.62
2
20.9,71.9
5
24.16,73.37
1
25.3,73.56
26.65,73.6
6
19.85,71.82
1
18.93,71.16
18.25,70.02
5
25.88,70.87
20.71,70.58
13.54,64.58
13.25,66.07
1
5.63,62.71
1
2.09,64.93
3
3.81,65.22
2
6.59,65.4
2.69,67.95
2
6.14,67.34
3
25.58,69.78
24.54,69.53
25.65,68.76
1
24.76,67.75
4
24.69,71.38
1
25.4,72.18
1
23.85,69.69
23.77,68.12
23.46,67.03
3
21.08,68.05
2
21.82,68.51
21.94,66.8
20.8,66.62
20.05,67.63
20.63,69.01
3
22.28,70.13
1
19.82,69.57
5
18.01,60.97
18.42,59.24
18.89,60.84
18.06,61.75
17.27,61.97
16.85,59.69
4
16.44,62.88
15.68,62.76
15.71,63.71
15.3,64.16
14.79,63.23
1
14.78,64.68
1
14.64,65.43
1
18.71,57.74
1
17.95,57.19
17.49,57.34
1
20.55,59.03
19.78,57.41
19.22,56.86
21.58,58.36
1
19.8,61.49
2
19.08,63.61
20.43,63.64
1
17.13,64.01
1
15.8,61.07
1
16.09,67.96
16.02,68.98
15.69,68.89
15.38,69.1
14.95,69.08
3
15.38,67.17
1
13.93,65.92
9
13.29,69.59
1
13.95,71.06
1
13.46,67.22
1
14.54,66.78
3
17.13,69.5
2
14.47,69.09
14.73,70.84
1
14.14,68.35
3
17.3,67.12
17.52,68.1
17.95,67.48
1
16.56,66.66
18.57,68.18
1
18.67,66.81
19.78,66.04
1
18.1,63.98
17.9,64.68
18.58,65.26
1
17.04,65.36
15.92,64.85
15.5,65.47
1
15.8,66.55
23.63,53.23
12.84,65.07
12.01,65.97
1
11.16,67.21
12.45,67.92
2
12.81,64.13
1
12.67,66.16
1
11.12,64.98
1
11.77,63.89
1
10.16,65.01
2
10.21,64.33
10.39,63.72
10.55,63.94
10.58,63.11
9.83,62.83
1
10.24,62.55
1
8.41,62.7
1
8.72,65.05
8.3,65.66
8.34,64.99
8.42,64.62
8.76,64.54
9.28,65.3
8.82,65.7
3
9.34,64.46
8.79,64.03
9.39,63.78
7
7.87,65
1
7.77,65.62
1
7.19,65.15
5
7.3,63.47
7.96,64.29
8.24,63.78
7.07,64.12
7.45,64.17
7.85,64.53
9.14,63.15
2
7.67,62.25
2
7.22,64.65
1
6.38,64.44
4
6.89,62.48
9
6.45,63.43
18
3.31,60.34
2.55,60.4
2.59,59.73
3.1,60.01
2.95,59.4
3.37,59.51
3.54,59.87
4.03,59.69
3.89,60.26
1
3.48,60.7
4.31,61.08
4.81,60.73
3.27,61.01
3.89,61.69
3.22,61.68
2.86,61.46
2.38,61.47
2.32,60.87
1
4.62,62.14
3
5.24,62.83
1
5.71,62.34
2
5.14,61.62
1
5.78,61.97
1
0.87,61.25
1
1.7,61.62
3
1.76,62.77
1.6,62.41
2
0.31,63.86
5
0.73,63.25
1.17,63.74
2
1.18,62.31
1
2.71,62.2
3.15,62.68
2.24,63.48
1
1.72,65.43
1
1.42,64.37
1
0.69,65.19
0.34,64.8
0.73,64.69
2
1.27,66.38
3
0.14,66.2
1.89,67.06
2.38,66.88
1
2.9,66.37
1
0,68.21
2
0.8,67.66
0.84,68.43
3
23.53,53.12
3.73,64.04
3
3.28,64.99
1
2.44,64.78
3
3.58,65.5
3.74,65.86
8
2.57,65.64
2
3.71,62.94
6
5.26,63.93
2
4.84,64.54
4
3.89,65.12
4.37,65.83
7
2.26,68.56
1
2.14,67.93
6
5.93,65.39
1
5.15,65.61
1
4.12,66.64
2
5.2,68.93
4.51,69.25
5.56,69.16
5.59,70.1
34
4.73,67.5
5.12,67.39
5.68,67.47
5.74,68.08
5.1,68.28
4.47,68.48
4.3,68.11
3.88,68.73
3.94,67.89
1
3.11,68.78
6
6.12,66.69
5.96,66.33
5.54,66.77
2
6.65,66.64
1
7.01,66.23
7.52,65.88
1
7.01,67.68
6.95,68.52
6.62,68.43
6.63,67.62
6.38,68.43
6.48,67.09
7.24,67.03
3
7.63,68.37
2
7.99,67.32
1
7.65,66.75
4
3.77,70.24
3.42,70.4
4.14,70.3
4.31,70.66
3.39,69.46
3.64,69.37
3.88,69.28
4.18,69.79
4.83,69.79
1
4.91,70.25
28
23.55,53.2
10
39.73,65.09
39.5,64.84
2
41.03,64.5
5
39.47,65.27
39.57,65.51
39.25,65.61
39.35,65.03
38.66,65.19
5
39.18,64.66
39.16,64.33
38.6,64.57
38.65,63.88
38.2,64.11
38.02,63.57
38.51,63.16
38.63,63.48
2
39.98,64.25
39.53,64.4
39.33,64.22
39.19,63.74
39.23,63.36
39.21,62.83
4
40.31,63.69
9
37.51,66.61
37.07,67
1
38.23,65.82
1
40.28,69.64
4
38.46,66.64
38.78,66.91
39.11,66.82
39.32,66.12
39.39,67.14
40.12,66.46
39.64,67.79
39.5,68.38
40.24,68.85
1
37.4,64.87
36.78,64.5
1
37,65.37
36.28,65.87
35.85,66.51
35.41,66
3
34.1,68.07
3
34.94,68.46
35.42,67.14
1
33.39,68.57
34.8,69.05
1
38.47,60.88
38.28,61.12
38.08,62.31
38.89,61.58
38.05,61.35
38.14,59.97
4
36.61,62.99
36.93,62.14
37.5,60.92
1
38.87,60.6
39.31,60.22
39.82,59.43
3
39.8,53.86
2
38.64,52.4
1
38.99,54.44
39.26,56.22
39.98,57.01
39.28,57.35
1
40.1,58.25
2
39.1,58.63
6
40.38,62.65
39.92,62.32
1
40.45,61.62
40.98,60.92
5
41.47,57.93
40.82,58.23
41.05,59.87
40.92,59.03
40.73,57.47
1
40.88,56.71
40.84,55.75
40.53,54.66
1
42.55,64.51
41.8,64.62
40.22,65.08
1
43.81,63.52
43.8,62.15
1
43.26,60.28
42.11,59.64
1
42.72,61.14
42.57,60.44
41.95,61.41
42.37,61.9
42.08,63.07
42.94,62.82
41.19,63.04
40.93,63.99
2
41.42,65.92
2
41.47,65.18
41.36,66.74
41.51,68.78
41.99,67.45
3
40.81,67.62
9
44.03,59.79
43.98,59.46
44.21,60.41
44.74,60.21
45.08,60.64
44.49,60.07
44.31,59.78
44.65,59.4
44.15,59.31
1
46.87,60.03
47.08,59.71
46.7,59.65
46.97,59.3
46.74,58.96
46.36,58.9
46.11,59.74
47.69,60.76
2
45.61,59.93
9
48.93,62.6
50.08,62.1
49.03,61.14
7
48.56,58.54
2
47.6,57.51
46.83,57.74
65
44.65,66.15
44.76,65.33
45.14,65.39
44.9,66.06
45.48,66.14
46.59,65.52
4
45.13,66.31
45.02,66.54
45.47,66.98
45.03,66.95
44.59,67.77
44.67,67.29
44.25,67.01
44.62,66.58
2
43.72,65.65
43.92,66.26
44.05,66.5
43.74,66.71
43.53,66.2
43.36,65.82
4
44.15,65.87
43.8,65.37
44,65.04
43.48,64.83
43.4,65.3
43.85,64.49
4
43.17,67.28
43.3,66.69
8
45.03,64.14
44.63,64.43
2
44.61,63.29
44.7,62.22
2
44.44,63.66
1
44.51,61.57
2
45.4,63.06
2
48.29,66.31
3
45.35,67.95
44.97,67.83
44.92,68.52
7
45.53,67.64
9
42.77,70.48
42.9,70.96
43.24,70.32
42.87,70.14
42.61,70.13
3
41.98,71.6
1
41.05,69.76
1
41.77,70.58
40.92,71.5
40.41,71.86
40.59,70.75
40.08,72.42
3
43.42,69.08
43.37,68.46
42.63,69.31
42.71,68.27
6
43.91,67.75
43.41,67.94
8
43.61,71.93
43.15,72.3
8
47.45,71.21
47.28,70.88
46.81,71.33
1
46.49,70.92
47.49,71.57
48.01,70.15
3
49.05,70.18
2
49.5,71.1
6
48.68,72.68
2
47.97,72.18
50.31,72.02
5
45.87,72.24
45.56,72.46
45.45,71.96
46.27,72.71
1
44.79,71.76
44.86,70.72
44.94,69.67
2
45.53,69.38
2
46.08,70.24
1
46.2,73.76
45.52,73.74
45.02,73.92
45.71,75.09
1
44.12,76.29
44.43,76.86
43.99,76.72
43.52,76.85
43.57,76.43
44.18,75.31
43.68,75.54
44.46,75.55
44.75,76.27
1
42.81,77.82
9
45.52,77.76
3
45.52,80.21
5
43.88,74.14
3
43.02,74.66
42.69,73.9
41.92,73.77
41.82,75.17
40.81,74.39
1
40.75,75.26
2
41.31,75.53
41.13,76.65
42.02,76.35
42.66,75.57
42.92,76.05
2
43.34,80.73
2
43.51,79.52
44.06,81.56
5
42.5,77.87
2
42,78.86
42.19,80.54
5
41.47,78.56
3
42.33,77.38
41.23,77.9
40.13,77.01
39.62,78.69
2
40.44,78.12
1
40.83,79.33
41.02,80.69
6
40.48,81.4
3
41.32,81.81
5
44.27,87.56
44.1,87.26
44.86,87.48
45.74,87.37
45.45,88.57
44.57,89.84
43.1,88.87
42.62,87.54
43.32,86.06
3
44.69,88.43
1
43.54,88.23
3
44.2,85.94
1
42.75,84.08
42.65,83.71
42.34,84.24
2
43.3,85.07
4
45.07,83.51
44.45,83.45
1
44.96,84.92
44.54,82.2
45.95,82.23
45.69,84.28
3
46.91,84.89
46.44,85.88
8
49.03,85.45
48.95,86
3
47.61,83.41
49.02,87.76
3
50.28,84.75
3
51.14,85.62
35
50.52,73.79
50.89,73.58
50.93,74.25
50.35,74.16
50.57,73.37
49.99,73.75
49.96,74.53
3
51.31,74.56
1
52.72,73.98
53.57,73.87
52.83,74.92
53.46,76.98
52.64,76.22
51.27,76.18
2
47.4,73.24
1
48.07,74.77
47.36,72.44
47,72.03
48.5,74.13
46.92,74.58
3
50.51,74.57
50.16,74.8
49.22,74.95
48.5,75.46
6
51.73,80.53
51.14,79.28
1
49.98,80.42
52.4,78.25
5
49.14,76.72
3
47.21,76.82
46.5,76.2
4
48.39,80.5
1
46.03,81.18
7
49.52,82.27
1
49.33,83.88
50.62,82.31
51.39,82.44
35
53.17,67.51
52.82,66.92
53.39,66.71
53.38,67.19
53.82,67.3
53.55,67.57
54.07,67.87
3
53.06,68.33
53.52,68.09
53.97,68.61
54.14,68.23
53.13,68.94
52.55,68.96
52.32,68.44
52.77,68.29
52.56,68.52
1
52.76,67.8
52.19,68.2
51.97,67.85
52.34,67.5
52.59,67.42
52.42,67.04
2
51.83,65.79
1
54.92,68.93
3
54.48,67.39
53.35,65.27
1
51.36,64.13
2
49.67,65.99
48.38,64.91
8
51.11,67.63
2
50.94,68.75
6
49.61,69.18
9
51.58,69.3
51.86,70.76
51.51,72.38
53.31,72.47
6
54,70.92
54.02,71.91
2
54.28,69.72
55.75,71.02
56.21,70.03
1
50.72,71.73
11
54.59,72.84
54.98,72.24
54.99,72.64
55.35,72.47
55.12,72.97
54.89,73.47
54.63,73.56
54.1,73.52
53.97,72.61
1
54.23,74.43
54.4,74.06
54.6,74.09
54.97,74.33
54.8,74.7
54.71,75.18
54.37,75.17
53.79,75.07
54.45,74.49
1
56,72.85
1
55.9,74.26
55.39,75.96
55.81,76.83
1
54.51,77.25
1
54.32,72.53
1
57.79,80.3
58.39,81.39
59.28,81.27
3
60.32,80.55
58.11,78.74
2
56.15,78.77
9
56.45,82.59
56.14,81.46
56.76,81.7
2
57.4,81.58
57.63,82.43
56.13,84.15
2
54,83.96
54.39,84.53
2
53.93,82.34
2
52.46,83.7
2
50.65,89.31
52,87.03
51.49,87.97
7
54.81,87.25
3
55.25,85.44
52.73,85.18
53.39,86.73
13
53.42,92.41
53.19,92.23
53.27,91.84
53.59,92.13
6
53.87,91.18
54.59,91.27
54.03,92.16
54.89,92.4
55.19,93.54
5
53.78,92.84
54,93.69
53.44,92.82
52.85,93.48
53,92.87
52.18,93.27
4
52.85,92.31
52.17,92.27
52.89,91.77
51.84,91.5
53.05,90.99
51.93,90.43
53.49,90.35
52.78,89.5
2
54.98,89.49
54.68,90.2
54.64,89.38
53.49,88.01
55.09,88.74
55.53,89.27
55.37,90.05
55.83,90.41
56.27,89.76
1
56.57,90.9
56.52,91.61
8
56.74,93.05
56.57,92.75
56.86,93.39
56.33,93.25
56.13,92.72
56.75,92.29
57.23,92.46
3
55.45,95.04
54.71,94.54
2
53.84,94.47
54.21,95.9
56.87,94.39
58.18,95.17
2
59.72,95.46
3
58.09,91.53
58.53,93.24
57.84,89.68
3
57.8,86.51
58.93,85.9
58.95,86.89
58.21,85.05
58.1,85.8
57.91,85.76
58.46,86.9
59.36,86.6
57.5,85.38
59.44,85.53
59.23,85.09
2
59.24,87.24
59.59,87.46
5
56.33,87.88
56.27,88.59
56.43,88.98
1
57.21,87.76
57.04,88.72
56.58,85.85
3
60.28,92.2
2
60.25,93.74
61.56,94.52
59.42,91.95
60.73,92.73
60.72,91.55
2
58.73,83.34
57.73,83.71
2
59.92,83.18
5
60.24,89.02
9
60.93,90.23
61.29,91.83
61.7,90.37
61.82,88.93
58.94,88.25
59.03,89.53
59.3,91.02
60.22,90.55
2
60.7,85.66
60.45,84.58
2
62.79,86.57
61.71,85.29
1
60.54,87.8
62.32,87.57
1
62.42,83.79
1
62.53,82.36
1
63.4,83.78
1
61.44,83.8
60.93,82.81
2
64.47,85.05
64.07,83.98
63.28,85.21
63.95,86.77
65.16,86.26
65.27,84.82
4
67.28,81.72
66.93,80.53
2
68.16,81.78
1
68.38,77.56
3
66.36,75.6
3
67.71,76
5
63.94,75.3
64.56,76.21
8
63.41,81.07
2
63.83,78.07
65.01,80.61
63.87,82.77
65.49,81.96
65.77,78.39
66.57,78.16
1
69.42,87
69.31,88.44
8
70.7,88.14
1
70.67,86.12
72.07,88.2
70.53,90.3
69.75,88.98
4
69.58,92.33
2
70.69,91.38
69.94,95.14
69.17,95
4
66.18,84.53
66.41,85.38
66.53,84.45
1
68.07,84.22
68.18,82.78
69.31,83.34
66.83,86.27
68.67,86.51
1
68.84,84.35
69.17,85.14
67.62,86.23
67.6,85.23
67.27,85.62
67.16,87.06
67.81,87.45
68.43,85.83
2
66.24,87.53
65.83,86.46
66.07,85.96
65.36,83.75
65.03,82.97
66.84,83.55
66.21,82.81
67.29,84.08
12
73.87,92.14
73.25,91.98
72.96,91.24
74.17,91.5
74.6,92.23
5
73.4,92.56
74.24,92.48
74.44,93.02
73.93,93.21
72.95,93.21
73.49,93.86
72.65,92.06
72.23,92.35
2
76.32,94.1
1
71.82,91.45
7
73.57,89.2
73.59,90.21
72.71,90.14
71.58,90.76
71.54,89.93
74.32,89.69
74.97,90.09
75.95,88.89
76.92,87.86
1
74.82,88.32
75.26,87.66
76.16,87.55
74.54,86.8
73.8,86.31
73.54,88.37
1
77.25,88.66
76.93,88.62
1
72.88,87.97
1
72.6,86.46
71.8,86.69
6
75.78,91.06
76.47,92.29
76.62,90.47
75.97,89.9
77.72,91.41
77.52,93.95
78.26,95.66
3
74.83,95.49
2
73.43,95.78
72.77,94.19
1
71.13,92.61
1
73.35,94.98
1
71.73,94.92
72.14,94.12
1
71.04,96.08
75.81,95.48
5
72.14,81
71.86,81.46
72.19,81.65
71.81,82.09
71.48,81.98
71.47,81.39
71.05,81.09
71.5,80.44
71.46,79.62
1
71.73,83.85
72.05,83.45
70.94,82.53
71.82,82.59
70.31,81.78
70.27,83.69
71.94,84.89
70.36,84.98
2
69.59,79.75
2
69.67,78.68
68.7,81.06
69.45,81.55
70.28,80.96
1
71.11,85.47
1
72.3,80.21
71.6,79
73.44,80.77
72.97,81.78
73.78,80.19
72.88,82.86
1
73.37,84.22
2
70.72,73.69
71.23,73.5
70.79,74.15
70.36,73.27
1
70.97,71.65
1
72.68,72.47
70.53,75.61
1
69.41,74.11
2
67.92,73.15
69.05,76.4
1
69.75,77.61
70.81,76.51
2
72.41,76.05
1
73.03,78.33
74.09,77.24
70.8,75.33
70.22,75.24
4
73.09,74.89
1
74.31,74.37
73.87,73.66
74.59,75.86
5
77.08,76.82
1
76.59,75.46
76.15,77.31
77.31,78.27
75.73,76.42
4
75.36,78.72
19
64.05,71
63.83,71.32
63.19,72.12
63.02,71.73
61.93,72.01
62.87,71.17
63.58,70.83
1
63.7,70.41
1
64.28,71.26
64.36,71.45
64.06,71.58
64.25,72.38
63.99,71.89
63.42,72.96
1
65.72,73.69
2
64.85,70.77
64.77,71.25
65.2,71.36
65.18,71.72
65.41,72.56
5
64.29,70.5
64.35,69.61
65.09,70.27
65.35,69.23
65.59,70.08
5
62.47,69.94
63,69.98
2
62.21,73.49
5
66.52,70.76
2
68.66,70.92
1
69.88,70.4
4
59.06,62.64
59.39,63.4
2
56.08,63.43
57.58,64.37
58.54,61.67
1
63.95,65.52
1
61.68,64.46
61.85,65.09
1
60.54,65.31
60.68,63.82
5
61.97,68.61
2
62.68,69.19
61.57,67.39
61.55,66.22
62.95,65.9
3
59.74,75.24
60.46,76.07
59.76,76.23
1
60.48,78.41
59.22,76.95
58.63,74.34
3
57.55,75.78
57.24,77.34
8
57.81,72.24
2
57.5,73.8
6
60.07,73.32
9
61.51,74.99
2
61.31,73.79
1
62.62,78.59
63.27,78.97
61.97,79.38
2
61.48,78.04
61.95,77.04
61.07,77.66
61.35,76.53
6
58.03,68.31
58.98,66.72
3
56.89,67.87
57.96,70.12
3
55.92,67.85
55.52,67.34
8
59.55,69.38
9
60.99,70.51
1
59.61,71.64
59.27,70.87
1
57.42,70.84
1
60.47,71.86
12
65.09,55.8
64.11,55.83
5
61.46,52.88
64.34,56.84
1
65.87,55.91
65.12,55.27
64.53,55.36
64.16,55.13
63.76,55.25
63.36,55.37
4
64.77,54.68
64,54.57
63.54,54.82
5
62.74,54.31
1
64.8,54.16
64.44,53.75
63.85,53.84
63.49,53.26
63.41,53.82
5
65.1,63.01
64.16,61
65.06,60.69
64.56,61.55
65.75,59.18
62.19,59.73
4
65.7,66.46
65.92,66.05
65.94,65.11
65.75,65.75
65.11,65.7
65.1,66.64
67.44,66.06
3
65.95,67.8
2
64.58,67.77
64.98,68.99
63.75,68.35
66.87,67.14
63.85,66.94
2
67.45,68.75
9
66.97,69.55
1
66.08,68.72
66.41,69.49
6
71.25,62.26
72.33,61.87
71.3,61.26
70.45,62.21
71.56,63.1
1
68.57,63.9
68.76,61.06
70.41,59.87
1
72.01,59.39
73.56,59.62
75.03,61.28
73.37,62.47
72.45,64.49
71.58,65.8
69.2,66.15
1
68.9,62.65
1
69.62,58.41
69.78,58.97
2
69.98,67.62
69.98,68.97
4
74.01,71.69
74.57,72.14
73.91,72.65
74.45,71.03
75.02,70.54
75.21,71.34
75.63,71.04
75.87,70.35
75.11,70.05
1
74.23,70
74.67,69.35
73.32,71.67
73.56,72.52
74.38,73.29
75.38,71.73
75.74,72.15
3
75.47,74.56
3
72.05,70.2
71.58,68.5
4
74.9,67.48
72.9,67.9
73.28,68.13
7
73.71,69.02
72.36,67.27
72.87,66.9
74.65,63.93
75.67,67.61
74.97,66.41
74.04,67.08
75.01,68.59
2
76.69,74.03
76.24,73.5
75.99,72.82
76.68,72.84
77.13,73.37
78.17,75.36
78.22,74.64
78.05,72.88
78.77,72.54
1
77.6,72.35
78.66,73.98
77.14,71.83
78.07,71.34
76.92,70.79
76.49,69.91
76.27,69.65
75.88,68.82
2
81.67,70.46
1
80.95,69.61
81.39,68.96
81.73,68.19
83.41,68.18
82.92,69.56
82.79,71.37
83.13,72.15
1
81.39,71.69
82.06,73.26
80.45,70.99
79.82,70.25
80.45,69.63
5
79.6,71.95
80.27,73.52
81.18,74.58
79.78,74.89
80.5,75.74
80.19,77.34
80.86,78.91
81.51,78.11
2
81.85,76.15
83.2,76.56
84.32,77.47
83.65,75.9
82.74,74.83
1
79.05,75.41
78.89,76.21
78.14,77.09
1
81.08,66.27
80.31,66.74
79.89,67.04
79.38,67.41
79.67,66.78
80.08,66.48
80.5,66.18
80.73,67.03
81.88,66.03
1
79.6,67.68
79.07,66.87
79.99,67.74
79.55,68.39
79.78,69.43
80.54,68.37
82.66,67.7
82.08,64.7
77.08,68.64
75.06,65.16
83.71,63.86
1
80.56,62.38
79.29,63.64
79.1,62.07
1
77.4,63.22
77.75,57.27
4
85.12,60.44
4
84.44,56.58
1
82,53.83
2
89.78,57.22
1
89.94,57.79
89.52,58.09
89.17,57.49
88.92,58.18
89.29,58.6
4
87.13,53.84
86.65,55.22
86.58,56.3
4
87.2,58.93
87.83,59.84
87.41,60.14
87.02,60.09
86.76,59.59
4
87.94,58.81
86.85,58.15
86.09,59.22
4
90.49,56.87
91.13,56.92
90.45,56.04
90.47,55.68
89.8,55.31
89.75,54.49
88.97,54.38
3
88.38,54.29
87.89,54.31
7
88.7,54.83
88.8,53.99
7
95.62,47.59
95.68,49.01
95.76,49.38
95.63,49.91
95.65,49.55
4
96,50.23
96.54,50.35
97.39,54.22
1
91.07,41.01
9
89.33,63.21
88.86,62.18
89.26,62.84
89.63,62.48
89.45,62.87
89.53,63.15
89.82,63.2
90.13,62.28
1
89.4,63.68
89.79,63.74
89.49,64.47
89.94,65.18
3
88.76,62.85
88.94,63.15
89.11,63.54
88.91,63.51
88.79,63.86
88.98,63.98
89.18,64.01
89.09,64.59
88.49,64.68
1
87.99,63.33
55
85.64,64.52
1
86.53,65.93
87.87,65.13
87.22,64.4
86.57,63.84
86.17,63.96
86.13,63.14
85.62,63.33
1
84.56,62.9
85.39,62.3
84.7,62.28
84.54,61.71
6
86.13,61.59
86.55,61.29
87.47,60.79
87.1,61.92
87.65,61.77
88.09,61.88
88.16,60.8
3
88.31,61.55
88.55,60.86
88.93,61.1
89.51,61.19
88.76,59.16
89.89,60.06
89.88,58.69
90.11,61.09
2
90.72,59.45
1
91.06,58.68
90.62,60.21
90.6,61.26
1
90.81,58.01
3
92.21,62.32
92.33,62.75
91.17,63.08
90.8,62.66
90.37,63.14
3
90.6,65.56
91.19,65.65
90.92,66.71
91.92,65.12
2
91.82,66.57
3
92.45,61.63
92.81,59.12
94.05,62.88
92.85,63.06
92.01,57.04
92.28,59.68
91.82,60.71
93.39,60.95
91.76,58.69
1
90.16,64.07
90.48,64.44
90.07,63.62
88.4,63.03
88.53,64.24
88.36,64.43
87.5,63.94
87.74,62.65
86.93,62.89
1
91.16,64.64
9
93.75,68.62
94.11,68.45
93.37,68.38
92.68,68.36
92.6,66.69
93.44,67.47
93.33,66.16
91.82,67.95
91.75,69.04
1
92.81,65.16
92.57,65.68
92.91,69.41
93.16,70.09
6
94.34,68.71
94.49,69.47
95.02,70.29
94.62,70.41
94.06,69.96
5
94.25,71.37
93.78,72.4
95.56,72.5
96.21,71.69
95.48,70.83
96.26,70.95
95.84,69.87
95.16,69.67
2
96.3,69.02
96.59,70.55
96.34,69.86
95.63,68.64
95.71,67.55
94.93,68.81
95.21,67.56
94.8,67.86
2
95.42,66.03
94.94,66.46
94.86,66.95
94.46,67.07
93.85,67.16
94.22,67.59
4
98.26,59.11
98.17,60.56
98.44,62.44
98.66,65.06
1
100,74.15
4
94.68,65.18
94.39,63.66
93.81,64.95
93.78,65.32
93.75,65.86
93.91,66.44
93.24,65.37
93.14,64.57
22
86.07,71.07
85.82,71.76
85.57,71.08
85.52,70.43
85.19,70.24
86.02,70.42
86.46,71.13
3
84.72,70.67
84.9,69.51
85.42,69.14
85.71,68.5
85.02,67.7
86.19,67.89
86.48,69.4
86.82,70.18
87.37,69.44
1
87.14,71.33
86.64,72.72
87.36,72.38
7
88.31,72.9
1
87.77,72.08
7
83.62,73.51
1
84.84,75.73
84.04,70.47
84.19,68.3
84.35,71.62
85.24,73.04
85.7,74.77
85.86,73.97
1
89.29,68.74
2
89.79,67.35
89.1,65.78
90.25,66.33
90.1,68.5
89.61,69.89
2
88.38,70.43
88.1,68.92
87.99,67.62
86.95,67
88.66,66.45
3
90.93,67.9
1
91.22,69.41
9
88.57,72.02
1
89.35,73.52
89.79,72.86
90.81,72.47
90.7,71.17
90.69,69.97
90.03,70.97
89.48,71.71
1
92.58,72.58
91.64,73.25
93.1,73.58
92.75,71.59
93.1,70.82
92.05,70.97
91.57,71.58
91.54,70.57
91.04,69.89
1
86.89,80.11
86.81,79.13
1
86.05,80.71
86.23,79.72
86,80.05
85.77,79.19
3
86.61,78.59
87.66,79.04
87.7,79.88
87.73,80.72
88.39,81.11
5
86.99,81.42
9
84.47,80.81
1
85.27,80.57
83.99,81.83
83.09,80.76
82.43,81.56
83.74,79.95
3
83.02,79.09
85.02,78.69
85.02,77.32
7
87.89,78.53
2
86.3,77.44
89.37,78.69
88.34,77.87
2
89.2,77.6
1
88.72,77.42
88.6,76.99
86.87,74.96
87.46,76.43
87.49,77.27
86.83,76.88
86.12,75.84
33
81.41,83.32
82,83.42
82.24,84.1
81.07,83.9
80.59,82.53
82.05,82.69
82.59,83.34
81.91,81.93
82.68,84.83
1
76.91,81.72
77.21,82.28
76.35,81.95
78.97,82.99
78.31,81.41
78.69,80.29
74.99,81.03
75.09,82.33
74.05,83.06
1
81.29,81
79.97,80.23
78.68,79.1
7
76.68,84.61
76.91,85.48
78.09,84.3
75.93,84.12
75.25,84.09
74.33,84.57
74.97,85.14
75.36,85.21
75.02,85.79
1
76.36,86.21
77.97,85.75
77.86,87.2
79.32,86.17
79.98,85.87
79.54,84.65
80.07,86.67
80.54,85.65
80.87,86.44
1
81.35,85.42
80.94,84.94
80.51,84.82
79.97,84.17
80.01,83.63
80.56,84.09
81.08,84.5
82.07,85.09
82.52,85.63
1
82.26,88.9
81.06,89.06
82.74,87.88
83.32,89.18
82.04,86.65
83.27,86.13
83.6,86.92
83.9,88.08
84.33,86.4
1
85.21,86.47
84.77,87.13
86.03,87.44
85.46,88.36
85.93,86.13
3
86.44,85.94
1
84.66,83.42
84.94,84.94
84.39,85.68
83.82,85.39
83.25,85.11
83.18,83.44
82.96,83.08
83.16,82.42
82.48,82.22
1
83.94,82.56
83.83,84.01
86.14,84.78
85.8,83.98
86.42,82.34
85.87,81.87
85.11,82.76
3
82.3,93.35
81.52,94.41
81.55,93.44
7
82.89,90.86
82.71,91.85
1
81.7,91.02
82,92.18
5
80.35,92.99
1
81.19,92.4
79.28,91.69
80.8,91.13
80.14,90.74
79.91,89.87
78.97,90.53
2
79.12,88.71
1
80.26,89.28
78.45,88.5
77.89,88.03
78.23,90.03
77.9,89.23
3
82.47,98.39
3
82.35,99.85
5
80.08,98.68
9
77.81,97.52
1
78.89,96.42
78.78,95.89
1
83.85,98.46
4
78.71,93.8
1
79.52,93.58
78.44,92.27
6
80.17,95.18
2
80.5,95.98
81.65,95.17
5
82.66,96.19
9
87.93,88.34
87.56,88.08
86.68,89.22
1
86.21,88.86
87.11,87.54
88.06,87.38
88.78,86.35
88.68,85.73
1
87.74,89.51
3
88.64,88.18
89.11,87.15
89.95,86.56
90.12,88.17
89.36,89.05
1
89.69,89.86
1
90.73,86.7
91.13,87.97
91.73,89.1
90.5,89.63
90.92,90.54
90.93,91.75
91.9,90.72
1
85.71,90.26
86.83,89.81
86.94,90.25
1
89.37,91.47
88.01,91.04
4
85.47,91.98
85.54,91.06
1
85.29,92.96
86.28,91.75
86.13,91.17
1
84.45,91.14
87.21,91.27
1
87.06,93.1
2
85.04,89.26
84.94,88.73
84.8,88.91
84.6,89.32
83.76,89.91
84.12,90.45
1
83.73,95.09
83.83,94.51
83.85,93.63
1
85.32,95.01
5
87.13,95.81
87.18,96.47
86.55,95.7
86.49,95.23
87.52,95.88
1
87.78,95.19
86.94,94.57
88.2,93.68
1
89.28,95
89.58,96.17
1
89.67,97.5
88.09,96.18
88.05,97.94
88.52,99.34
90.05,100
2
88.72,99.98
1
88,99.71
1
86.36,99.12
87.29,98.64
86.34,97.06
84.81,96.41
84.87,98.09
11
89.83,83.62
90.05,83.38
90.06,83.89
90.35,83.68
90.43,83.54
90.64,83.39
90.07,83.1
89.88,83.07
2
89.08,83.72
89.06,84.09
89.68,85.03
89.62,83.86
89.54,83.57
89.67,83.13
89.35,82.84
88.93,83.14
2
90.42,84.32
90.44,84.74
90.63,84.87
90.74,85.31
90.66,84.5
91.01,84.42
91.04,84.06
91.11,83.14
2
90.47,83.08
90.29,82.86
89.96,82.58
89.45,81.56
89.93,81.74
90.71,81.87
90.74,82.71
1
89.14,81.09
1
88.43,84.53
88.17,84.02
88.48,85.19
1
87.64,85.78
86.8,85.17
4
86.61,83.75
3
87.45,83.16
88.16,82.82
4
92.73,82.68
1
93.12,82.75
91.85,82.44
6
92.89,84.47
2
92.13,83.97
91.4,84.49
5
91.9,86.9
92.6,88.14
93.15,88.01
92.78,87.15
91.94,87.75
92.85,86.23
91.99,85.8
91.18,86.03
2
90.9,79.31
2
91.63,78.79
90.69,78.77
5
89.79,79.59
89.82,79.33
8
90.26,77.36
90.17,78.45
1
88.02,75.51
88.64,76.44
1
88.8,79.61
89.36,80.07
2
91.27,80.95
90.4,80.71
91.66,79.81
7
91.67,77.74
91.58,77.53
91.9,76.52
91.95,75.79
91.48,75.44
5
92.03,74.7
94.04,74.29
93.57,75.32
7
89.55,76.14
90.31,76.63
89.24,74.98
88.55,74.96
88.12,74.06
90.81,75.24
4
90.65,74.36
90.4,73.97
90.99,74.07
7
92.77,76.76
92.73,77.31
92.91,78.91
92.18,78.05
93.57,76.71
93.74,79.7
4
93.22,80.07
92.35,81.04
92.61,81.55
7
93.96,91
93.15,91.22
93.21,90.49
94.77,90.77
95.1,91.58
95.91,91.35
95.63,90.6
95.73,89.91
96.57,90.53
1
94.12,90.19
94.75,89.74
94.25,89.23
94.85,88.45
95.7,89.07
1
93.68,89.45
93.35,88.65
94.19,88.05
1
93.5,86.81
94.67,87.02
95.5,87.82
95.3,87.18
95.59,87.23
5
94.37,92.1
93.57,92.14
94.32,92.65
93.91,92.76
1
93.09,94.39
92.61,92.99
1
92.34,91.45
2
90.1,93.38
89.4,93.53
90.9,94.55
91.41,93.15
92.01,95.5
92.31,96.68
92.83,95.7
92.73,95.17
1
94.07,81.89
1
94.96,81.95
94.68,83.02
95.4,82.68
96.99,82.58
95.8,81.35
1
93.72,83.87
1
94.65,80.78
94.09,80.32
94.34,79.62
95.14,79.57
95.31,78.57
94.11,78.74
95.57,80.47
96.59,80.09
96.96,81.73
1
95,77.41
94.32,77.2
93.8,77.58
94.37,76.66
95.48,76.38
95.76,75.13
96.46,79.14
96.18,77.61
97.96,90.6
1
97.7,86.25
97.59,87.72
97.17,89.24
97.65,89.42
96.82,88.61
96.32,87.4
96.22,88.69
97.03,84.64
97.33,83.38
1
94.03,85.04
94.82,86.39
93.97,85.78
94.9,85.29
95.57,85.68
95.63,86.77
95.9,86.49
96.01,85.02
95.17,84.4
1
81.9,67.22
82.06,66.42
1
79.73,65.88
78.83,66.01
78.49,65.24
79.69,65.06
80.49,64.82
80.74,65.49
82.53,65.22
81.55,65.55
1
77.39,69.01
1
77.78,69.84
78.9,70.74
78.61,69.24
78.68,68.17
77.04,67.82
76.4,67.09
1
76.06,66.31
75.66,64.89
75.79,64.46
76.5,65.65
77.25,66.13
77.98,66.97
78.22,67.82
74.84,64.51
2
83.37,63.08
84.42,65.06
84.13,66.29
85.15,65.9
3
80.9,63.16
80.86,63.7
1
81.48,63.25
80.15,64.04
78.57,64.16
77.76,64.4
2
82.64,62.24
81.44,62.43
79.68,63.7
78.72,63.37
78.3,62.31
79.74,62.8
3
78.83,60.22
79.28,60.92
79.69,60.62
80.64,61.13
81.12,61.29
79.63,61.52
80.07,60.86
80.44,59.74
77.46,60.2
76.68,60.76
1
77.18,61.42
77.65,61.76
77.11,62.49
75.89,63.03
77.01,63.92
1
82.26,63.37
82.48,63.04
8
79.72,59.5
80.38,59.1
79.87,57.94
79.34,58.5
1
78.41,59.17
4
78.58,58.02
1
77.76,58.62
76.98,58.51
76.66,57.38
76.34,56.26
2
78.26,56.9
76.89,55.35
76.74,54.61
76.97,54.1
5
79.46,56.71
78.72,55.88
78.07,55.34
77.62,54.65
15
83.14,59.15
83.52,59.38
83.44,59.87
83.21,60.29
83.13,60.01
82.66,60.34
82.51,59.78
82.74,59.27
2
80.65,56.52
81.33,56.71
81.87,55.98
81.8,57.05
82.52,56.52
82.5,56.88
82.55,57.52
82.22,58.11
1
80.76,57.8
81.22,59.86
81.74,59.48
82.19,61.54
81.98,60.33
83.1,61.22
83.99,61.09
83.62,60.85
84.37,59.96
1
83.83,59.84
84.15,58.75
83.54,59.02
1
86.32,60.25
86,60.66
3
85.47,59.67
84.87,59.77
1
85.17,61.26
2
84.15,61.66
3
82.07,58.9
6
82.37,55.78
38
84.23,55.96
8
80.83,53.66
79.69,53.14
1
77.48,52.2
5
77.32,53.17
78.13,52.92
78.84,54.1
80.12,55.54
6
85.7,57.62
86.42,57.27
86.39,58.4
85.54,58.59
85.69,59.34
84.83,58.94
84.78,58.12
3
84.44,57.35
84.97,56.79
84.91,56.15
84.98,55.07
84.42,54.63
84.74,54.22
85.08,53.46
85.45,55.41
86.35,53.73
1
85.73,52.65
84.38,52.09
85.14,52.56
84.03,53.04
83.51,53.41
83.13,53.18
82.53,53.28
83.18,54
83.93,54.47
1
82.02,55.19
82.74,54.66
82.8,55.3
83.45,55.84
82.7,47.83
4
84.12,57.75
83.58,58.49
83.22,57.89
83.38,56.92
81.42,55.28
23
88.51,56.94
89.05,56.2
1
87.31,57.13
88.1,55.7
87.43,55.33
88.72,55.25
89.42,56.62
5
88.05,57.96
85.88,56.47
4
96.48,49.71
95.81,50.12
96.1,51.02
96.76,51.57
2
89.45,62.09
89.61,63.44
89.47,64.06
89.95,64.31
5
91.67,62.88